%YAML:1.0
CM1: !!opencv-matrix
   rows: 3
   cols: 3
   dt: d
   data: [ 1.2515366686309189e+03, 0., 1.2537825007959106e+02, 0.,
       1.2415803674797669e+03, 1.3695477805670203e+02, 0., 0., 1. ]
CM2: !!opencv-matrix
   rows: 3
   cols: 3
   dt: d
   data: [ 1.2515366686309189e+03, 0., 1.4152322452656102e+02, 0.,
       1.2415803674797669e+03, 1.3515242565159900e+02, 0., 0., 1. ]
D1: !!opencv-matrix
   rows: 1
   cols: 5
   dt: d
   data: [ -1.3910311422626835e+01, 2.2977105355762965e+03, 0., 0.,
       -8.4057808990747566e+04 ]
D2: !!opencv-matrix
   rows: 1
   cols: 5
   dt: d
   data: [ 4.9808929871609280e+00, -7.4511189252028646e+02, 0., 0.,
       2.2632148952288946e+04 ]
R: !!opencv-matrix
   rows: 3
   cols: 3
   dt: d
   data: [ -3.6357844169155590e-01, 4.2685767644627158e-03,
       9.3155380735067894e-01, 4.9375004208888932e-03,
       9.9998428572180476e-01, -2.6550704408754328e-03,
       -9.3155050202698819e-01, 3.6342209423998258e-03,
       -3.6359380441834843e-01 ]
T: !!opencv-matrix
   rows: 3
   cols: 1
   dt: d
   data: [ -5.6768092253562628e+01, -8.8811581424446395e-02,
       8.8858665790174541e+01 ]
E: !!opencv-matrix
   rows: 3
   cols: 3
   dt: d
   data: [ -3.5600722647685856e-01, -8.8857592201289393e+01,
       2.6821735772164584e-01, -8.5189440076703079e+01,
       5.8560782584107962e-01, 6.2136101800894011e+01,
       -3.1258245577348798e-01, -5.6766821084915456e+01,
       2.3345605054010166e-01 ]
F: !!opencv-matrix
   rows: 3
   cols: 3
   dt: d
   data: [ 9.8734593032374376e-08, 2.4841270813051771e-05,
       -3.5076080372165395e-03, 2.3815792201118396e-05,
       -1.6502695341984755e-07, -2.4703747096812924e-02,
       -3.1242380793964483e-03, 1.6368432954349841e-02, 1. ]
R1: !!opencv-matrix
   rows: 3
   cols: 3
   dt: d
   data: [ 5.8928891445564524e-01, 7.7738922864259262e-05,
       8.0792237823713442e-01, 2.3481927501212327e-03,
       9.9999560681028576e-01, -1.8089640507086100e-03,
       -8.0791896950776898e-01, 2.9631599329685062e-03,
       5.8928614305167237e-01 ]
R2: !!opencv-matrix
   rows: 3
   cols: 3
   dt: d
   data: [ 5.3837075410128599e-01, 8.4226113942390880e-04,
       -8.4270767275763303e-01, 1.7296584021165786e-03,
       9.9999628973079779e-01, 2.1044729625993631e-03,
       8.4270631860110368e-01, -2.5905831025737343e-03,
       5.3836729977680098e-01 ]
P1: !!opencv-matrix
   rows: 3
   cols: 4
   dt: d
   data: [ 7.3517249186314541e+02, 0., 3.0389704132080078e+02, 0., 0.,
       7.3517249186314541e+02, 1.3702685563266277e+02, 0., 0., 0., 1.,
       0. ]
P2: !!opencv-matrix
   rows: 3
   cols: 4
   dt: d
   data: [ 7.3517249186314541e+02, 0., 3.0389704132080078e+02,
       -7.7519700916957547e+04, 0., 7.3517249186314541e+02,
       1.3702685563266277e+02, 0., 0., 0., 1., 0. ]
Q: !!opencv-matrix
   rows: 4
   cols: 4
   dt: d
   data: [ 1., 0., 0., -3.0389704132080078e+02, 0., 1., 0.,
       -1.3702685563266277e+02, 0., 0., 0., 7.3517249186314541e+02, 0.,
       0., 9.4836858652317807e-03, 0. ]
